10 3
5213479675529216394
4402318354640036607
7696560008840279443
3715538944558478182
3724395247775842986
6679109601218430401
842811885318658702
3287451319635691824
7408359377824112256
1813046349832261723
3902711027421787394
5203992323292576768
6536515232935377220
7727129716856863142
2139283836730984445
5083692753774382875
7285749275378766920
812290210328316933
4875151254683574543
8458386143469773733
3924742029739862325
3582837739270973373
157842591630872677
4287742723618149419
7375458052074430749
6435927560479682294
8258095496353878087
3843063058017190750
8679040276104351559
1080932849893115853
8818208594700153079
6401136693662301261
2466775277252453312
5095577108475989752
688026386554512549
7753712357791409116
2489247962864812567
1771791624154415253
2589804338118917377
8598677678677309138
933853319743559553
4215686511758345385
4354973736455560186
2043668610518807499
4533206206094696629
4444356892388303091
7701568419452319661
8280761836467465943
4850508359839815054
4471955600796042327
7067809126801664166
6858824401198594523
7505796944983141753
8887309491150210830
4981460813071653719
7080301899933579404
2987240335723619585
7858100019414189096
4574516896596108928
487065002561707195
4717101705573335769
8233932387554937970
5968932444857595036
7379439678943714465
4321956250120667184
5828274160119517637
8552450351641958995
8497618055016148201
3948130169539571824
8020379810713967418
2931918701513938715
3986369000384836472
8125876465587980737
4418265114000264643
1148727751238595545
5531092773756730022
2582284087611287589
3586183596308079268
6028795139584025970
5407153202485582680
7796037735884790269
3515854558041917918
3119258237135081527
6077738698911656277
6444756332905080217
3879697208779107727
2501949260661952009
3986478392637178090
3006366734017456131
6884147606288545536
2499137848020989869
4091514374959372035
4843477458137642526
987633503881233652
5702357592983533453
733655783828529778
6516616022872692649
7209331486728487323
3584041129087978067
7600595520746070252
1104422422552361335
2626653536689230761
2763893580847297013
9141294957439579524
5724268286487220684
2515184626051562526
5983376465925440352
2149305704132769175
3055632795444089697
3740888156045438374
1730145810940011296
1621631003827941710
8168093244459239476
3637265478629207376
8641828599640947841
8608782550356004006
8927502544679462888
6969374351098040393
6289205420243870753
4367821458680356707
86385881332366735
6263284024626273827
1379504827137719425
2580756712536814138
1680204681587775622
8020673999853992609
1480668257247735212
3935779092956814040
6046223172872750836
4970805761588093138
8543879341799621103
7785845084637824683
2815315951637297659
1869806558085608548
5834146356242616972
